\documentclass{article}
\usepackage{amsmath,nccmath}

\usepackage[landscape]{geometry}

\begin{document}
\section*{Problem 12i}
%%%%%%%%%%%%%%%%%%%%%VARIANCE Daily Percent returns%%%%%%%%%%%%%%%%%%%%%%%
\begin{equation*}
\begin{medsize}
% latex table generated in R 3.1.1 by xtable 1.7-4 package
% Sun Feb  1 22:20:51 2015
\Sigma_X = 
% latex table generated in R 3.1.1 by xtable 1.7-4 package
% Sun Feb  1 22:29:54 2015
\begin{bmatrix}{}
  & CCMP.Index & INDU.Index & TRAN.Index & UTIL.Index & NYA.Index & SPX.Index & OEX.Index & XAX.Index & OMX.Index \\ 
 CCMP.Index & 100.036 & 67.044 & 96.674 & 40.044 & 82.767 & 78.903 & 74.351 & 71.106 & 54.555 \\ 
  INDU.Index & 67.044 & 58.162 & 71.286 & 38.014 & 65.292 & 61.375 & 59.632 & 52.867 & 41.986 \\ 
  TRAN.Index & 96.674 & 71.286 & 135.876 & 45.364 & 86.149 & 83.050 & 77.463 & 60.147 & 57.457 \\ 
  UTIL.Index & 40.044 & 38.014 & 45.364 & 44.841 & 43.203 & 40.100 & 39.365 & 34.600 & 30.428 \\ 
  NYA.Index & 82.767 & 65.292 & 86.149 & 43.203 & 82.372 & 74.457 & 71.375 & 73.050 & 54.008 \\ 
  SPX.Index & 78.903 & 61.375 & 83.050 & 40.100 & 74.457 & 69.774 & 66.942 & 61.800 & 46.546 \\ 
  OEX.Index & 74.351 & 59.632 & 77.463 & 39.365 & 71.375 & 66.942 & 65.169 & 58.658 & 43.657 \\ 
  XAX.Index & 71.106 & 52.867 & 60.147 & 34.600 & 73.050 & 61.800 & 58.658 & 103.964 & 50.009 \\ 
  OMX.Index & 54.555 & 41.986 & 57.457 & 30.428 & 54.008 & 46.546 & 43.657 & 50.009 & 110.842 \\ 
  \end{bmatrix}
\end{medsize}
\end{equation*}
%%%%%%%%%%%%%%%%%%%%%CORRELATION Daily Percent returns%%%%%%%%%%%%%%%%%%%%%%%
	\begin{equation*}
		\begin{medsize}
\Omega_X = % latex table generated in R 3.1.1 by xtable 1.7-4 package
% Sun Feb  1 22:31:42 2015
\begin{bmatrix}{}
  1.000 & 0.879 & 0.829 & 0.598 & 0.912 & 0.944 & 0.921 & 0.697 & 0.518 \\ 
  0.879 & 1.000 & 0.802 & 0.744 & 0.943 & 0.963 & 0.969 & 0.680 & 0.523 \\ 
  0.829 & 0.802 & 1.000 & 0.581 & 0.814 & 0.853 & 0.823 & 0.506 & 0.468 \\ 
  0.598 & 0.744 & 0.581 & 1.000 & 0.711 & 0.717 & 0.728 & 0.507 & 0.432 \\ 
  0.912 & 0.943 & 0.814 & 0.711 & 1.000 & 0.982 & 0.974 & 0.789 & 0.565 \\ 
  0.944 & 0.963 & 0.853 & 0.717 & 0.982 & 1.000 & 0.993 & 0.726 & 0.529 \\ 
  0.921 & 0.969 & 0.823 & 0.728 & 0.974 & 0.993 & 1.000 & 0.713 & 0.514 \\ 
  0.697 & 0.680 & 0.506 & 0.507 & 0.789 & 0.726 & 0.713 & 1.000 & 0.466 \\ 
  0.518 & 0.523 & 0.468 & 0.432 & 0.565 & 0.529 & 0.514 & 0.466 & 1.000 \\ 
  \end{bmatrix}
\end{medsize}
\end{equation*}
% Part i :Daily log returns
%%%%%%%%%%%%%%%%%%%%%VAR Daily Log returns%%%%%%%%%%%%%%%%%%%%%%%
\section*{Daily Log Returns}
\begin{equation*}
\begin{medsize}
% latex table generated in R 3.1.1 by xtable 1.7-4 package
% Sun Feb  1 22:35:08 2015
\Sigma_X=\begin{bmatrix}{}
  & CCMP.Index & INDU.Index & TRAN.Index & UTIL.Index & NYA.Index & SPX.Index & OEX.Index & XAX.Index & OMX.Index \\ 
 CCMP.Index & 100.400 & 67.270 & 97.249 & 40.152 & 83.128 & 79.212 & 74.627 & 71.384 & 54.597 \\ 
  INDU.Index & 67.270 & 58.323 & 71.573 & 38.091 & 65.533 & 61.576 & 59.820 & 53.059 & 41.992 \\ 
  TRAN.Index & 97.249 & 71.573 & 136.667 & 45.459 & 86.589 & 83.460 & 77.815 & 60.390 & 57.572 \\ 
  UTIL.Index & 40.152 & 38.091 & 45.459 & 44.900 & 43.337 & 40.201 & 39.465 & 34.758 & 30.555 \\ 
  NYA.Index & 83.128 & 65.533 & 86.589 & 43.337 & 82.724 & 74.761 & 71.652 & 73.328 & 54.041 \\ 
  SPX.Index & 79.212 & 61.576 & 83.460 & 40.201 & 74.761 & 70.033 & 67.178 & 62.037 & 46.575 \\ 
  OEX.Index & 74.627 & 59.820 & 77.815 & 39.465 & 71.652 & 67.178 & 65.387 & 58.877 & 43.665 \\ 
  XAX.Index & 71.384 & 53.059 & 60.390 & 34.758 & 73.328 & 62.037 & 58.877 & 104.159 & 50.058 \\ 
  OMX.Index & 54.597 & 41.992 & 57.572 & 30.555 & 54.041 & 46.575 & 43.665 & 50.058 & 111.050 \\ 
  \end{bmatrix}
\end{medsize}
\end{equation*}
%%%%%%%%%%%%%%%%%%%%%CORR Daily Log returns%%%%%%%%%%%%%%%%%%%%%%%
\begin{equation*}
\begin{medsize}
% latex table generated in R 3.1.1 by xtable 1.7-4 package
% Sun Feb  1 22:35:08 2015
\Omega_X=% latex table generated in R 3.1.1 by xtable 1.7-4 package
% Sun Feb  1 22:44:21 2015
\begin{bmatrix}{}
  1.000 & 0.879 & 0.830 & 0.598 & 0.912 & 0.945 & 0.921 & 0.698 & 0.517 \\ 
  0.879 & 1.000 & 0.802 & 0.744 & 0.943 & 0.963 & 0.969 & 0.681 & 0.522 \\ 
  0.830 & 0.802 & 1.000 & 0.580 & 0.814 & 0.853 & 0.823 & 0.506 & 0.467 \\ 
  0.598 & 0.744 & 0.580 & 1.000 & 0.711 & 0.717 & 0.728 & 0.508 & 0.433 \\ 
  0.912 & 0.943 & 0.814 & 0.711 & 1.000 & 0.982 & 0.974 & 0.790 & 0.564 \\ 
  0.945 & 0.963 & 0.853 & 0.717 & 0.982 & 1.000 & 0.993 & 0.726 & 0.528 \\ 
  0.921 & 0.969 & 0.823 & 0.728 & 0.974 & 0.993 & 1.000 & 0.713 & 0.512 \\ 
  0.698 & 0.681 & 0.506 & 0.508 & 0.790 & 0.726 & 0.713 & 1.000 & 0.465 \\ 
  0.517 & 0.522 & 0.467 & 0.433 & 0.564 & 0.528 & 0.512 & 0.465 & 1.000 \\ 
  \end{bmatrix}
\end{medsize}
\end{equation*}
\end{document}
